0.770151
0.770151
0.770151
0.770151
0.770151
0.770151
0.770151
0.770151
0.770151
0.770151
0.770151
0.0620777
0.0620777
0.0620777
0.0620777
0.0620777
0.0620777
0.0620777
0.0620777
0.0620777
-0.70307
-0.70307
-0.70307
-0.70307
-0.70307
-0.70307
-0.70307
-0.70307
-0.70307
-0.70307
-0.821818
-0.821818
-0.821818
-0.821818
-0.821818
-0.821818
-0.821818
-0.821818
-0.821818
-0.821818
-0.184991
-0.184991
-0.184991
-0.184991
-0.184991
-0.184991
-0.184991
-0.184991
-0.184991
-0.184991
-0.184991
0.621916
0.621916
0.621916
0.621916
0.621916
0.621916
0.621916
0.621916
0.621916
0.621916
0.857036
0.857036
0.857036
0.857036
0.857036
0.857036
0.857036
0.857036
0.857036
0.857036
0.304201
0.304201
0.304201
0.304201
0.304201
0.304201
0.304201
0.304201
0.304201
0.304201
-0.528315
-0.528315
-0.528315
-0.528315
-0.528315
-0.528315
-0.528315
-0.528315
-0.528315
-0.528315
