1
0.95403
0.90806
0.862091
0.816121
0.770151
0.724181
0.678212
0.632242
0.586272
0.540302
0.444657
0.349012
0.253368
0.157723
0.0620777
-0.0335672
-0.129212
-0.224857
-0.320502
-0.416147
-0.473531
-0.530916
-0.588301
-0.645685
-0.70307
-0.760454
-0.817839
-0.875223
-0.932608
-0.989992
-0.956358
-0.922723
-0.889088
-0.855453
-0.821818
-0.788183
-0.754548
-0.720913
-0.687279
-0.653644
-0.559913
-0.466182
-0.372452
-0.278721
-0.184991
-0.0912601
0.00247044
0.096201
0.189932
0.283662
0.351313
0.418964
0.486615
0.554265
0.621916
0.689567
0.757218
0.824869
0.892519
0.96017
0.939543
0.918917
0.89829
0.877663
0.857036
0.836409
0.815783
0.795156
0.774529
0.753902
0.663962
0.574022
0.484082
0.394141
0.304201
0.214261
0.124321
0.0343804
-0.0555598
-0.1455
-0.222063
-0.298626
-0.375189
-0.451752
-0.528315
-0.604878
-0.681441
-0.758004
-0.834567
-0.91113
