0
0.0841471
0.168294
0.252441
0.336588
0.420735
0.504883
0.58903
0.673177
0.757324
0.841471
0.848254
0.855036
0.861819
0.868602
0.875384
0.882167
0.888949
0.895732
0.902515
0.909297
0.83248
0.755662
0.678844
0.602026
0.525209
0.448391
0.371573
0.294755
0.217938
0.14112
0.0513278
-0.0384645
-0.128257
-0.218049
-0.307841
-0.397633
-0.487426
-0.577218
-0.66701
-0.756802
-0.777015
-0.797227
-0.817439
-0.837651
-0.857863
-0.878076
-0.898288
-0.9185
-0.938712
-0.958924
-0.890973
-0.823023
-0.755072
-0.687121
-0.61917
-0.551219
-0.483268
-0.415317
-0.347366
-0.279415
-0.185775
-0.0921351
0.00150513
0.0951453
0.188786
0.282426
0.376066
0.469706
0.563346
0.656987
0.690224
0.723461
0.756698
0.789935
0.823172
0.85641
0.889647
0.922884
0.956121
0.989358
0.931634
0.87391
0.816186
0.758462
0.700738
0.643014
0.58529
0.527566
0.469842
0.412118
