0
0.00420735
0.0168294
0.0378662
0.0673177
0.105184
0.151465
0.20616
0.269271
0.340796
0.420735
0.505222
0.590386
0.676229
0.76275
0.849949
0.937827
1.02638
1.11562
1.20553
1.29612
1.38321
1.46262
1.53434
1.59838
1.65475
1.70343
1.74442
1.77774
1.80338
1.82133
1.83095
1.83159
1.82326
1.80594
1.77965
1.74437
1.70012
1.64689
1.58468
1.51349
1.4368
1.35808
1.27735
1.1946
1.10982
1.02302
0.934206
0.843366
0.750506
0.655624
0.563129
0.477429
0.398524
0.326415
0.2611
0.202581
0.150856
0.105927
0.067793
0.0364539
0.0131944
-0.000701157
-0.00523265
-0.000400131
0.0137964
0.037357
0.0702816
0.11257
0.164223
0.225239
0.2926
0.363284
0.437292
0.514624
0.595279
0.679258
0.766561
0.857188
0.951138
1.04841
1.14446
1.23474
1.31924
1.39798
1.47094
1.53812
1.59954
1.65518
1.70505
1.74915
