0.841471
0.841471
0.841471
0.841471
0.841471
0.841471
0.841471
0.841471
0.841471
0.841471
0.841471
0.402228
0.318628
0.235027
0.151427
0.0678264
-0.0157739
-0.0993743
-0.182975
-0.266575
-0.703305
-0.716279
-0.729254
-0.742228
-0.755203
-0.768177
-0.781152
-0.794126
-0.807101
-0.820075
-1.24582
-1.17624
-1.10666
-1.03708
-0.967503
-0.897923
-0.828342
-0.758762
-0.689182
-0.619602
-0.642937
-0.554774
-0.466611
-0.378448
-0.290285
-0.202122
-0.113959
-0.0257957
0.0623674
0.15053
0.238693
0.576751
0.602441
0.62813
0.653819
0.679509
0.705198
0.730887
0.756577
0.782266
0.807955
1.17801
1.11761
1.05721
0.996805
0.936402
0.875999
0.815596
0.755193
0.69479
0.634387
0.696216
0.605255
0.514294
0.423333
0.332372
0.241411
0.150449
0.0594882
-0.0314729
-0.122434
-0.57724
-0.57724
-0.57724
-0.57724
-0.57724
-0.57724
-0.57724
-0.57724
-0.57724
-0.57724
