0
0.00420735
0.0168294
0.0378662
0.0673177
0.105184
0.151465
0.20616
0.269271
0.340796
0.420735
0.507172
0.597632
0.691277
0.787273
0.884783
0.982971
1.081
1.17804
1.27325
1.36579
1.45318
1.53341
1.60634
1.67186
1.72982
1.7801
1.82257
1.8571
1.88355
1.90181
1.90981
1.90604
1.89121
1.86601
1.83114
1.78728
1.73514
1.67542
1.6088
1.53598
1.45723
1.37294
1.28398
1.19123
1.09558
0.997911
0.899101
0.800033
0.701589
0.60465
0.511556
0.424229
0.342927
0.267906
0.199423
0.137735
0.0830992
0.0357723
-0.00398889
-0.0359274
-0.0577775
-0.0678475
-0.0667414
-0.0550632
-0.033417
-0.00240668
0.0373636
0.0852898
0.140768
0.203194
0.272677
0.349122
0.43162
0.51926
0.611134
0.706332
0.803944
0.90306
1.00277
1.10217
1.19822
1.28849
1.373
1.45173
1.52469
1.59188
1.65329
1.70894
1.75881
1.80291
