0
0.0841471
0.168294
0.252441
0.336588
0.420735
0.504883
0.58903
0.673177
0.757324
0.841471
0.885874
0.921917
0.949599
0.968922
0.979885
0.982487
0.97673
0.962612
0.940135
0.909297
0.838318
0.766042
0.692467
0.617596
0.541427
0.46396
0.385196
0.305135
0.223776
0.14112
0.0200167
-0.0941286
-0.201316
-0.301545
-0.394816
-0.48113
-0.560485
-0.632882
-0.698321
-0.756802
-0.816688
-0.867757
-0.91001
-0.943447
-0.968067
-0.983871
-0.990859
-0.98903
-0.978385
-0.958924
-0.902534
-0.843574
-0.782045
-0.717948
-0.651282
-0.582046
-0.510242
-0.435869
-0.358927
-0.279415
-0.158594
-0.0438126
0.0649283
0.167629
0.264289
0.354909
0.439489
0.518029
0.590528
0.656987
0.731156
0.79623
0.852207
0.899089
0.936874
0.965563
0.985156
0.995653
0.997054
0.989358
0.931634
0.87391
0.816186
0.758462
0.700738
0.643014
0.58529
0.527566
0.469842
0.412118
