-2 -0.994866
-1.9 -0.992385
-1.8 -0.988789
-1.7 -0.983643
-1.6 -0.97639
-1.5 -0.966341
-1.4 -0.952677
-1.3 -0.934473
-1.2 -0.910733
-1.1 -0.880454
-1 -0.842693
-0.9 -0.796635
-0.8 -0.741656
-0.7 -0.677367
-0.6 -0.603638
-0.5 -0.520625
-0.4 -0.428806
-0.3 -0.329051
-0.2 -0.222755
-0.1 -0.112037
6.38378e-16 8.88178e-16
0.1 0.112037
0.2 0.222755
0.3 0.329051
0.4 0.428806
0.5 0.520625
0.6 0.603638
0.7 0.677367
0.8 0.741656
0.9 0.796635
1 0.842693
1.1 0.880454
1.2 0.910733
1.3 0.934473
1.4 0.952677
1.5 0.966341
1.6 0.97639
1.7 0.983643
1.8 0.988789
1.9 0.992385
