-1.00559
-1.00546
-1.00532
-1.00519
-1.00506
-1.00494
-1.00481
-1.00469
-1.00457
-1.00445
-1.00433
-1.00421
-1.0041
-1.00398
-0.999926
-0.999923
-0.999919
-0.999915
-0.999911
-0.999907
-0.999903
-0.999898
-0.999893
-0.999888
-0.999883
-0.999877
-0.999871
-0.999865
-0.999858
-0.999851
-0.999843
-0.999835
-0.999827
-0.999818
-0.999809
-0.999799
-0.999789
-0.999778
-0.999767
-0.999755
-0.999742
-0.999729
-0.999715
-0.9997
-0.999685
-0.999668
-0.999651
-0.999633
-0.999614
-0.999594
-0.999573
-0.999551
-0.999527
-0.999503
-0.999477
-0.99945
-0.999422
-0.999392
-0.999361
-0.999328
-0.999294
-0.999352
-0.999312
-0.99927
-0.999226
-0.99918
-0.999132
-0.999082
-0.99903
-0.998975
-0.998918
-0.998858
-0.998796
-0.99873
-0.998662
-0.998591
-0.998516
-0.998439
-0.998357
-0.998273
-0.998184
-0.998092
-0.997995
-0.997894
-0.997789
-0.99768
-0.997565
-0.997446
-0.997321
-0.997192
-0.997056
-0.996915
-0.996768
-0.996615
-0.996455
-0.996289
-0.996116
-0.995936
-0.995748
-0.995553
-0.99535
-0.995138
-0.994918
-0.994689
-0.994451
-0.994203
-0.993946
-0.993678
-0.9934
-0.993111
-0.992811
-0.9925
-0.992176
-0.991864
-0.991515
-0.991152
-0.990776
-0.990386
-0.989982
-0.989562
-0.989128
-0.988677
-0.98821
-0.987726
-0.987224
-0.986705
-0.986167
-0.98561
-0.985034
-0.984437
-0.98382
-0.983181
-0.982499
-0.981817
-0.981111
-0.980382
-0.979628
-0.978849
-0.978044
-0.977212
-0.976354
-0.975467
-0.974552
-0.973607
-0.972633
-0.971627
-0.977354
-0.975989
-0.974599
-0.973183
-0.97174
-0.970269
-0.96877
-0.96724
-0.96568
-0.964089
-0.962465
-0.960807
-0.959115
-0.953855
-0.952287
-0.950675
-0.949018
-0.947314
-0.945563
-0.943764
-0.941915
-0.940016
-0.938066
-0.936064
-0.934009
-0.931899
-0.929735
-0.927514
-0.925236
-0.9229
-0.920621
-0.918161
-0.91564
-0.913056
-0.91041
-0.9077
-0.904925
-0.902084
-0.899175
-0.896199
-0.893154
-0.890038
-0.886852
-0.883593
-0.880262
-0.876857
-0.873377
-0.869821
-0.866188
-0.862478
-0.858689
-0.85482
-0.850872
-0.846842
-0.84273
-0.838535
-0.834256
-0.829893
-0.825445
-0.82091
-0.816289
-0.81158
-0.80675
-0.801865
-0.796891
-0.791826
-0.78667
-0.781423
-0.776084
-0.770652
-0.765127
-0.759508
-0.753796
-0.747989
-0.742087
-0.73609
-0.729997
-0.723809
-0.717524
-0.711143
-0.704666
-0.698093
-0.691422
-0.684655
-0.677791
-0.67083
-0.663773
-0.656619
-0.649368
-0.642021
-0.634578
-0.627039
-0.619405
-0.611675
-0.60385
-0.595931
-0.587918
-0.579811
-0.571611
-0.563319
-0.554935
-0.54646
-0.537895
-0.52924
-0.520451
-0.511623
-0.502708
-0.493707
-0.484621
-0.475451
-0.466197
-0.456861
-0.447445
-0.437948
-0.428374
-0.418722
-0.408995
-0.399193
-0.389318
-0.379372
-0.369356
-0.359271
-0.349119
-0.338902
-0.328622
-0.318279
-0.307877
-0.297415
-0.286897
-0.276324
-0.265698
-0.255021
-0.244295
-0.233521
-0.222702
-0.211839
-0.200935
-0.189992
-0.179012
-0.167996
-0.156947
-0.145867
-0.134758
-0.123623
-0.112463
-0.101281
-0.0900781
-0.0788577
-0.0676216
-0.056372
-0.0451111
-0.0338412
-0.0225646
-0.0112834
-2.22011e-14
0.0112834
0.0225646
0.0338412
0.0451111
0.056372
0.0676216
0.0788577
0.0900781
0.101281
0.112463
0.123623
0.134758
0.145867
0.156947
0.167996
0.179012
0.189992
0.200935
0.211839
0.222702
0.233521
0.244295
0.255021
0.265698
0.276324
0.286897
0.297415
0.307877
0.318279
0.328622
0.338902
0.349119
0.359271
0.369356
0.379372
0.389318
0.399193
0.408995
0.418722
0.428374
0.437948
0.447445
0.456861
0.466197
0.475451
0.484621
0.493707
0.502708
0.511623
0.520451
0.52924
0.537895
0.54646
0.554935
0.563319
0.571611
0.579811
0.587918
0.595931
0.60385
0.611675
0.619405
0.627039
0.634578
0.642021
0.649368
0.656619
0.663773
0.67083
0.677791
0.684655
0.691422
0.698093
0.704666
0.711143
0.717524
0.723809
0.729997
0.73609
0.742087
0.747989
0.753796
0.759508
0.765127
0.770652
0.776084
0.781423
0.78667
0.791826
0.796891
0.801865
0.80675
0.81158
0.816289
0.82091
0.825445
0.829893
0.834256
0.838535
0.84273
0.846842
0.850872
0.85482
0.858689
0.862478
0.866188
0.869821
0.873377
0.876857
0.880262
0.883593
0.886852
0.890038
0.893154
0.896199
0.899175
0.902084
0.904925
0.9077
0.91041
0.913056
0.91564
0.918161
0.920621
0.9229
0.925236
0.927514
0.929735
0.931899
0.934009
0.936064
0.938066
0.940016
0.941915
0.943764
0.945563
0.947314
0.949018
0.950675
0.952287
0.953855
0.959115
0.960807
0.962465
0.964089
0.96568
0.96724
0.96877
0.970269
0.97174
0.973183
0.974599
0.975989
0.977354
0.971627
0.972633
0.973607
0.974552
0.975467
0.976354
0.977212
0.978044
0.978849
0.979628
0.980382
0.981111
0.981817
0.982499
0.983181
0.98382
0.984437
0.985034
0.98561
0.986167
0.986705
0.987224
0.987726
0.98821
0.988677
0.989128
0.989562
0.989982
0.990386
0.990776
0.991152
0.991515
0.991864
0.992176
0.9925
0.992811
0.993111
0.9934
0.993678
0.993946
0.994203
0.994451
0.994689
0.994918
0.995138
0.99535
0.995553
0.995748
0.995936
0.996116
0.996289
0.996455
0.996615
0.996768
0.996915
0.997056
0.997192
0.997321
0.997446
0.997565
0.99768
0.997789
0.997894
0.997995
0.998092
0.998184
0.998273
0.998357
0.998439
0.998516
0.998591
0.998662
0.99873
0.998796
0.998858
0.998918
0.998975
0.99903
0.999082
0.999132
0.99918
0.999226
0.99927
0.999312
0.999352
0.999294
0.999328
0.999361
0.999392
0.999422
0.99945
0.999477
0.999503
0.999527
0.999551
0.999573
0.999594
0.999614
0.999633
0.999651
0.999668
0.999685
0.9997
0.999715
0.999729
0.999742
0.999755
0.999767
0.999778
0.999789
0.999799
0.999809
0.999818
0.999827
0.999835
0.999843
0.999851
0.999858
0.999865
0.999871
0.999877
0.999883
0.999888
0.999893
0.999898
0.999903
0.999907
0.999911
0.999915
0.999919
0.999923
0.999926
1.00398
1.0041
1.00421
1.00433
1.00445
1.00457
1.00469
1.00481
1.00494
1.00506
1.00519
1.00532
1.00546
1.00559
