0.726434
-0.0518202
0.569693
0.776971
1.45704
0.801014
0.167107
-0.386788
-0.820142
-1.11362
-1.26889
-1.30465
-1.24997
-1.1364
-0.990563
-0.828771
-0.654758
-0.460898
-0.232559
0.0454622
0.38191
0.773116
1.19954
1.60475
1.96196
2.20948
2.32908
2.26963
2.03731
1.60734
1.0261
0.311024
-0.435509
-1.13805
-1.69755
-2.0983
-2.29874
-2.32573
-2.17801
-1.90789
-1.53726
-1.12671
-0.704133
-0.321221
0.00526174
0.274057
0.495463
0.685081
0.856775
1.01649
1.15837
1.26412
1.30583
1.25182
1.07423
0.756804
0.301233
-0.269492
-0.911548
-1.52379
-2.06997
-2.48429
-2.74166
-2.81524
-2.69467
-2.39565
-1.92616
-1.34802
-0.691129
-0.0670241
0.468886
0.879477
1.14907
1.28256
1.30091
1.23417
1.11354
0.964213
0.800449
0.623891
0.42536
0.18964
-0.0978673
-0.444185
-0.843131
-1.2724
-1.67101
-2.0134
-2.23704
-2.32753
-2.23517
-1.97106
-1.51275
-0.911223
-0.18564
0.558734
1.24676
1.3623
1.02732
0.615112
