0
-0.0342075
-0.0669842
-0.09833
-0.128245
-0.156729
-0.183782
-0.209405
-0.233596
-0.256357
-0.277687
-0.297586
-0.316054
-0.333091
-0.348697
-0.362873
-0.375617
-0.386931
-0.396814
-0.405266
-0.412287
-0.417878
-0.422037
-0.424766
-0.426063
-0.42593
-0.424366
-0.421371
-0.416946
-0.411089
-0.403802
-0.395083
-0.384934
-0.373354
-0.360343
-0.345902
-0.330029
-0.312726
-0.293991
-0.273826
-0.25223
-0.229203
-0.204746
-0.178857
-0.151538
-0.122787
-0.092606
-0.060994
-0.027951
0.00652272
0.0424273
0.0797628
0.118529
0.158726
0.200354
0.243413
0.287903
0.333824
0.381175
0.429958
0.480171
0.531815
0.58489
0.639396
0.695332
0.7527
0.811498
0.871728
0.933388
0.996479
1.061
1.12695
1.19434
1.26315
1.3334
1.40507
1.47818
1.55272
1.62869
1.70609
1.78492
1.86518
1.94687
2.02999
2.11455
2.20053
2.28795
2.37679
2.46707
2.55878
2.65192
2.74649
2.84249
2.93992
3.03878
3.13908
3.2408
3.34396
3.44854
3.55456
