0 0.726434 0.182458
1 -0.0518202 0.123676
2 0.569693 0.121844
3 0.776971 0.109392
23 1.60475 0.192584
24 1.96196 0.290795
25 2.20948 0.423684
26 2.32908 0.435342
27 2.26963 0.423684
28 2.03731 0.290795
29 1.60734 0.192584
34 -1.69755 0.192584
35 -2.0983 0.290795
36 -2.29874 0.423684
37 -2.32573 0.435342
38 -2.17801 0.423684
39 -1.90789 0.290795
40 -1.53726 0.192584
59 -1.52379 0.195848
60 -2.06997 0.314992
61 -2.48429 0.465277
62 -2.74166 0.531239
63 -2.81524 0.531239
64 -2.69467 0.465277
65 -2.39565 0.314992
66 -1.92616 0.195848
86 -1.67101 0.192584
87 -2.0134 0.290795
88 -2.23704 0.423684
89 -2.32753 0.435342
90 -2.23517 0.423684
91 -1.97106 0.290795
92 -1.51275 0.192584
97 1.3623 0.178861
98 1.02732 0.162879
99 0.615112 0.240293
