0 4.58049 0.606935
1 3.73525 0.359871
2 2.93318 0.182676
3 2.17503 0.0699948
23 1.60475 0.0526609
24 1.96196 0.0795162
25 2.20948 0.115854
26 2.32908 0.119042
27 2.26963 0.115854
28 2.03731 0.0795162
29 1.60734 0.0526609
34 -1.69755 0.0526609
35 -2.0983 0.0795162
36 -2.29874 0.115854
37 -2.32573 0.119042
38 -2.17801 0.115854
39 -1.90789 0.0795162
40 -1.53726 0.0526609
59 -1.52379 0.0535535
60 -2.06997 0.0861326
61 -2.48429 0.127227
62 -2.74166 0.145264
63 -2.81524 0.145264
64 -2.69467 0.127227
65 -2.39565 0.0861326
66 -1.92616 0.0535535
86 -1.67101 0.0526609
87 -2.0134 0.0795162
88 -2.23704 0.115854
89 -2.32753 0.119042
90 -2.23517 0.115854
91 -1.97106 0.0795162
92 -1.51275 0.0526609
97 1.91954 0.0624071
98 2.57 0.179905
99 3.19955 0.359997
