0
0.980067
1.84212
2.47601
2.78683
2.70151
2.17415
1.18977
-0.233596
-2.04482
-4.16147
-6.47351
-8.84872
-11.1396
-13.1911
-14.8499
-15.9727
-16.4356
-16.1417
-15.0284
-13.0729
-10.2955
-6.76132
-2.57951
2.09998
7.09155
12.1814
17.1367
21.7158
25.6801
28.8051
30.8928
31.7819
31.3577
29.5595
26.3866
21.9006
16.2263
9.54787
2.10426
-5.82
-13.9053
-21.8101
-29.185
-35.6881
-41.0009
-44.8428
-46.9856
-47.265
-45.5909
-41.9536
-36.4275
-29.1712
-20.4229
-10.4938
0.243413
11.3683
22.429
32.9608
42.5055
50.6312
56.9517
61.1439
62.9644
62.2613
58.984
53.1883
45.0369
34.7959
22.8262
9.57161
-4.45821
-18.7068
-32.5934
-45.5361
-56.9766
-66.404
-73.3774
-77.5459
-78.6656
-76.6128
-71.3912
-63.1357
-52.1097
-38.697
-23.3889
-6.76632
10.5221
27.7855
44.3181
59.4285
72.4681
82.8589
90.1191
93.8846
93.9269
90.1652
82.6724
71.6758
57.5509
