-11.9268 4.44089e-16 6.98961e-09 9.38047e-11 8.11262e-10 -5.43188e-12 5.81757e-14 6.72379e-15 2.0095e-14 3.92017e-08 
8.88178e-16 -9.25995 -3.33067e-16 2.20476e-10 1.61873e-09 -4.57856e-13 -8.88178e-15 -2.15279e-15 2.72005e-15 3.10288e-09 
6.98961e-09 -1.11022e-16 -5.22976 3.14518e-10 2.17777e-09 -5.6799e-13 1.11022e-15 -3.79904e-16 -1.52656e-15 1.13521e-09 
9.38048e-11 2.20476e-10 3.14517e-10 -3.0928 -1.90295e-09 4.78673e-13 7.77156e-16 4.4603e-09 -3.8719e-15 -5.9293e-11 
8.11262e-10 1.61873e-09 2.17777e-09 -1.90295e-09 0.596928 7.23303e-13 7.42462e-16 6.2038e-16 1.28543e-15 -3.97592e-10 
-5.43304e-12 -4.58855e-13 -5.67768e-13 4.79061e-13 7.23255e-13 3.82028 4.66294e-15 3.52974e-09 4.2999e-11 2.44083e-13 
5.81757e-14 -9.76996e-15 1.9984e-15 1.55431e-15 8.88178e-16 4.66294e-15 7.22601 -7.97896e-13 1.15785e-12 1.77636e-14 
6.68389e-15 -2.60555e-15 2.81025e-16 4.4603e-09 -3.06179e-16 3.52974e-09 -7.99139e-13 11.0687 -2.05981e-14 3.63179e-08 
2.16493e-14 1.66533e-15 -1.77636e-15 -3.77476e-15 1.02696e-15 4.29991e-11 1.15863e-12 -2.03344e-14 13.1272 0 
3.92017e-08 3.10288e-09 1.13521e-09 -5.92966e-11 -3.97592e-10 2.45137e-13 8.88178e-15 3.63179e-08 -1.33227e-15 57.5557 
