-1.5 -0.0634516 0.0306267 0.00356175 0.231937 1.44991
-1.48492 -0.0595542 0.0342916 0.00405066 0.254499 1.54317
-1.46985 -0.0547849 0.0383071 0.00459743 0.278459 1.63518
-1.45477 -0.0491099 0.0426942 0.00520751 0.303788 1.72464
-1.4397 -0.0425013 0.0474732 0.00588666 0.330438 1.81006
-1.42462 -0.0349374 0.0526634 0.00664093 0.358334 1.88979
-1.40955 -0.026404 0.058283 0.00747666 0.387378 1.96197
-1.39447 -0.0168949 0.0643483 0.00840045 0.417441 2.0246
-1.3794 -0.00641239 0.0708735 0.00941912 0.448362 2.07549
-1.36432 0.00503189 0.0778701 0.0105397 0.479948 2.11232
-1.34925 0.0174165 0.0853464 0.0117694 0.511967 2.13258
-1.33417 0.0307096 0.0933071 0.0131154 0.544151 2.13367
-1.3191 0.0448685 0.101752 0.0145851 0.576189 2.11286
-1.30402 0.0598396 0.110677 0.0161857 0.607731 2.06734
-1.28894 0.0755575 0.120071 0.0179244 0.638382 1.99428
-1.27387 0.0919455 0.129918 0.0198082 0.667707 1.89081
-1.25879 0.108915 0.140194 0.0218437 0.695225 1.75411
-1.24372 0.126366 0.150868 0.0240372 0.720414 1.58146
-1.22864 0.144188 0.161901 0.0263943 0.742713 1.37028
-1.21357 0.162257 0.173244 0.0289202 0.761523 1.11817
-1.19849 0.18044 0.18484 0.031619 0.776211 0.823036
-1.18342 0.198594 0.196623 0.0344942 0.786113 0.483105
-1.16834 0.216568 0.208515 0.0375479 0.790545 0.0970218
-1.15327 0.234199 0.220428 0.0407812 0.788802 -0.336077
-1.13819 0.25132 0.232263 0.0441936 0.780174 -0.81649
-1.12312 0.267756 0.243912 0.0477832 0.763948 -1.34387
-1.10804 0.283328 0.255255 0.0515462 0.739424 -1.91715
-1.09296 0.297852 0.266161 0.0554771 0.705923 -2.53447
-1.07789 0.311143 0.276491 0.0595683 0.6628 -3.19312
-1.06281 0.323017 0.286094 0.0638099 0.609459 -3.88948
-1.04774 0.333289 0.294812 0.0681898 0.545363 -4.61895
-1.03266 0.341778 0.302481 0.0726934 0.470055 -5.37594
-1.01759 0.348308 0.308927 0.0773037 0.383169 -6.15385
-1.00251 0.352711 0.313974 0.0820008 0.284445 -6.94502
-0.987437 0.354827 0.317443 0.0867623 0.173748 -7.74082
-0.972362 0.354508 0.319153 0.0915631 0.0510787 -8.53162
-0.957286 0.351616 0.318923 0.0963752 -0.0834086 -9.30685
-0.942211 0.346032 0.31658 0.101168 -0.229394 -10.0551
-0.927136 0.337651 0.311952 0.105909 -0.386382 -10.7643
-0.91206 0.326388 0.304878 0.110562 -0.553686 -11.4217
-0.896985 0.312177 0.29521 0.115088 -0.730427 -12.014
-0.88191 0.294975 0.282813 0.119449 -0.915525 -12.528
-0.866834 0.274761 0.267571 0.123601 -1.10769 -12.9499
-0.851759 0.25154 0.249387 0.127501 -1.30545 -13.2666
-0.836683 0.225343 0.228191 0.131105 -1.5071 -13.4651
-0.821608 0.196226 0.203937 0.134366 -1.71077 -13.5332
-0.806533 0.164273 0.17661 0.137238 -1.91442 -13.4595
-0.791457 0.129596 0.146227 0.139676 -2.11582 -13.234
-0.776382 0.0923339 0.11284 0.141632 -2.31263 -12.8481
-0.761307 0.0526548 0.0765352 0.143063 -2.50236 -12.2952
-0.746231 0.0107528 0.0374398 0.143926 -2.68247 -11.5704
-0.731156 -0.0331507 -0.0042819 0.144179 -2.85034 -10.6713
-0.71608 -0.078809 -0.0484255 0.143784 -3.00334 -9.59793
-0.701005 -0.125951 -0.0947471 0.142708 -3.13886 -8.35309
-0.68593 -0.174281 -0.142964 0.140918 -3.25436 -6.94228
-0.670854 -0.223486 -0.192756 0.138389 -3.34739 -5.37395
-0.655779 -0.27323 -0.243766 0.1351 -3.41565 -3.65947
-0.640704 -0.323163 -0.295605 0.131035 -3.45706 -1.81316
-0.625628 -0.37292 -0.347854 0.126186 -3.46975 0.14787
-0.610553 -0.422123 -0.400068 0.120548 -3.45212 2.20378
-0.595477 -0.47039 -0.45178 0.114126 -3.40293 4.33229
-0.580402 -0.517331 -0.502506 0.106931 -3.32126 6.50891
-0.565327 -0.562553 -0.551752 0.0989822 -3.20658 8.7073
-0.550251 -0.605669 -0.59902 0.0903052 -3.05876 10.8997
-0.535176 -0.646294 -0.643811 0.0809337 -2.87812 13.0572
-0.520101 -0.684052 -0.685636 0.0709087 -2.6654 15.1506
-0.505025 -0.718581 -0.72402 0.0602786 -2.42179 17.1504
-0.48995 -0.749535 -0.758508 0.0490986 -2.14891 19.0281
-0.474874 -0.776587 -0.788674 0.0374307 -1.84883 20.7558
-0.459799 -0.799432 -0.814127 0.0253431 -1.524 22.3075
-0.444724 -0.817792 -0.834514 0.0129096 -1.17725 23.6596
-0.429648 -0.83142 -0.849528 0.000208934 -0.811753 24.7907
-0.414573 -0.8401 -0.858912 -0.012676 -0.430986 25.6831
-0.399497 -0.84365 -0.862464 -0.0256586 -0.0386608 26.3222
-0.384422 -0.841927 -0.860039 -0.0386499 0.361322 26.6976
-0.369347 -0.834825 -0.851552 -0.0515589 0.764933 26.8028
-0.354271 -0.822283 -0.836978 -0.0642942 1.16808 26.6357
-0.339196 -0.804278 -0.816356 -0.0767641 1.56666 26.1984
-0.324121 -0.780833 -0.789785 -0.088878 1.95665 25.4976
-0.309045 -0.752016 -0.757424 -0.100548 2.33416 24.5438
-0.29397 -0.717935 -0.71949 -0.111687 2.69547 23.3515
-0.278894 -0.678747 -0.676253 -0.122214 3.03712 21.9389
-0.263819 -0.634648 -0.628033 -0.132051 3.35594 20.3271
-0.248744 -0.585879 -0.575198 -0.141127 3.64911 18.54
-0.233668 -0.532719 -0.518151 -0.149373 3.91419 16.6035
-0.218593 -0.475489 -0.457334 -0.15673 4.14911 14.5448
-0.203518 -0.414544 -0.393212 -0.163145 4.35225 12.3921
-0.188442 -0.350272 -0.326276 -0.168572 4.52241 10.1736
-0.173367 -0.283095 -0.257028 -0.172971 4.6588 7.91693
-0.158291 -0.213459 -0.185981 -0.176312 4.76105 5.64875
-0.143216 -0.141834 -0.11365 -0.178572 4.82918 3.39392
-0.128141 -0.0687127 -0.0405472 -0.179735 4.86356 1.17512
-0.113065 0.00540019 0.0328238 -0.179793 4.86489 -0.987563
-0.0979899 0.0799868 0.105972 -0.178747 4.83416 -3.07698
-0.0829146 0.154523 0.178422 -0.176602 4.77256 -5.07911
-0.0678392 0.228482 0.24972 -0.173373 4.68151 -6.98315
-0.0527638 0.301338 0.319433 -0.16908 4.56254 -8.78147
-0.0376884 0.372576 0.387152 -0.163752 4.4173 -10.4695
-0.0226131 0.441688 0.452494 -0.157419 4.24744 -12.0455
-0.00753769 0.508184 0.515101 -0.150122 4.05467 -13.5101
0.00753769 0.571592 0.574639 -0.141904 3.84065 -14.866
0.0226131 0.631468 0.6308 -0.132814 3.60698 -16.1172
0.0376884 0.687392 0.683301 -0.122903 3.35521 -17.2687
0.0527638 0.738978 0.731879 -0.112231 3.08679 -18.326
0.0678392 0.785874 0.776293 -0.100858 2.80311 -19.2942
0.0829146 0.827766 0.816325 -0.0888474 2.50548 -20.1774
0.0979899 0.86438 0.851772 -0.0762679 2.19516 -20.9787
0.113065 0.895486 0.882453 -0.0631898 1.87336 -21.6994
0.128141 0.920898 0.908203 -0.0496861 1.54131 -22.3385
0.143216 0.940476 0.928879 -0.0358323 1.20027 -22.8928
0.158291 0.954125 0.944354 -0.0217058 0.851531 -23.357
0.173367 0.9618 0.954522 -0.00738596 0.496526 -23.7231
0.188442 0.963502 0.959301 0.00704665 0.136803 -23.9812
0.203518 0.959278 0.958632 0.0215103 -0.225924 -24.1194
0.218593 0.949224 0.952483 0.0359226 -0.589748 -24.1246
0.233668 0.933478 0.940855 0.0502008 -0.952561 -23.9828
0.248744 0.912222 0.92378 0.0642627 -1.31204 -23.6799
0.263819 0.88568 0.901326 0.0780265 -1.66565 -23.2022
0.278894 0.854113 0.873602 0.0914119 -2.01066 -22.5375
0.29397 0.817818 0.84076 0.104341 -2.34418 -21.6755
0.309045 0.777127 0.802996 0.116737 -2.66317 -20.6089
0.324121 0.732399 0.760553 0.128528 -2.9645 -19.3336
0.339196 0.684021 0.713719 0.139646 -3.24504 -17.8497
0.354271 0.632398 0.662832 0.150027 -3.50166 -16.1617
0.369347 0.577959 0.608277 0.159612 -3.73135 -14.2789
0.384422 0.521143 0.550479 0.16835 -3.93127 -12.2155
0.399497 0.462401 0.489908 0.176196 -4.09885 -9.99075
0.414573 0.402189 0.42707 0.18311 -4.23181 -7.62847
0.429648 0.340967 0.362499 0.189063 -4.3283 -5.15691
0.444724 0.279189 0.296759 0.194034 -4.38691 -2.6081
0.459799 0.217307 0.230426 0.198008 -4.40672 -0.017181
0.474874 0.155763 0.164089 0.200981 -4.3874 2.5784
0.48995 0.0949822 0.0983382 0.202958 -4.32915 5.13982
0.505025 0.0353769 0.0337537 0.203952 -4.2328 7.62788
0.520101 -0.0226623 -0.0290993 0.203985 -4.09973 10.004
0.535176 -0.0787672 -0.0896816 0.203086 -3.93192 12.2311
0.550251 -0.132595 -0.147488 0.201295 -3.73187 14.275
0.565327 -0.18383 -0.202053 0.198656 -3.50259 16.1048
0.580402 -0.232188 -0.252964 0.195221 -3.24751 17.694
0.595477 -0.277413 -0.299858 0.191049 -2.97043 19.0209
0.610553 -0.319284 -0.342434 0.186202 -2.67542 20.0695
0.625628 -0.357614 -0.380455 0.180747 -2.36677 20.8296
0.640704 -0.392247 -0.413747 0.174755 -2.04886 21.2968
0.655779 -0.423065 -0.442205 0.168297 -1.72611 21.4728
0.670854 -0.449983 -0.465789 0.161446 -1.40287 21.3653
0.68593 -0.472949 -0.484521 0.154277 -1.0833 20.987
0.701005 -0.491945 -0.498489 0.146862 -0.771363 20.3559
0.71608 -0.506986 -0.507835 0.139271 -0.470712 19.4942
0.731156 -0.518118 -0.512755 0.131572 -0.184626 18.4279
0.746231 -0.525415 -0.51349 0.123832 0.0840197 17.1856
0.761307 -0.528981 -0.510321 0.11611 0.332803 15.7981
0.776382 -0.528944 -0.503565 0.108463 0.559775 14.2972
0.791457 -0.525457 -0.493561 0.100943 0.763467 12.7152
0.806533 -0.518695 -0.480668 0.0935963 0.942898 11.0838
0.821608 -0.50885 -0.465256 0.0864633 1.09756 9.4336
0.836683 -0.496132 -0.447701 0.0795793 1.22738 7.79344
0.851759 -0.480765 -0.428373 0.0729737 1.33272 6.18968
0.866834 -0.462985 -0.407638 0.0666706 1.4143 4.64589
0.88191 -0.443037 -0.385845 0.0606884 1.4732 3.18246
0.896985 -0.421171 -0.363327 0.0550407 1.51075 1.81645
0.91206 -0.397643 -0.340394 0.049736 1.52853 0.561404
0.927136 -0.372709 -0.317331 0.0447782 1.52828 -0.572623
0.942211 -0.346626 -0.294396 0.0401675 1.5119 -1.57896
0.957286 -0.319644 -0.271817 0.0359002 1.48134 -2.45418
0.972362 -0.292014 -0.249794 0.0319692 1.43857 -3.19782
0.987437 -0.263974 -0.228495 0.028365 1.38557 -3.8121
1.00251 -0.235756 -0.20806 0.0250756 1.32426 -4.30158
1.01759 -0.207583 -0.1886 0.022087 1.25647 -4.6728
1.03266 -0.179662 -0.1702 0.0193838 1.18392 -4.93386
1.04774 -0.15219 -0.15292 0.0169497 1.10822 -5.09413
1.06281 -0.125348 -0.136795 0.0147674 1.03079 -5.16379
1.07789 -0.0993038 -0.121843 0.0128193 0.952925 -5.15353
1.09296 -0.0742075 -0.10806 0.0110878 0.875751 -5.07425
1.10804 -0.0501936 -0.09543 0.00955541 0.800225 -4.93675
1.12312 -0.0273799 -0.0839207 0.00820491 0.727144 -4.75152
1.13819 -0.00586752 -0.0734905 0.00701971 0.657153 -4.52852
1.15327 0.0142594 -0.064089 0.00598394 0.590749 -4.27701
1.16834 0.032933 -0.0556591 0.0050825 0.528298 -4.00549
1.18342 0.0501019 -0.0481393 0.0043012 0.470043 -3.72156
1.19849 0.0657303 -0.0414652 0.00362681 0.416119 -3.43191
1.21357 0.0797974 -0.035571 0.00304708 0.366568 -3.14229
1.22864 0.0922972 -0.0303911 0.00255073 0.321352 -2.85754
1.24372 0.103237 -0.0258608 0.0021275 0.280366 -2.58162
1.25879 0.112636 -0.0219174 0.00176806 0.243454 -2.31764
1.27387 0.120528 -0.018501 0.00146402 0.210416 -2.06797
1.28894 0.126953 -0.0155549 0.00120788 0.181023 -1.83428
1.30402 0.131965 -0.0130259 0.000992938 0.155025 -1.61763
1.3191 0.135623 -0.010865 0.000813288 0.132162 -1.41856
1.33417 0.137997 -0.00902674 0.000663729 0.112166 -1.23716
1.34925 0.139159 -0.00747001 0.000539711 0.094773 -1.07316
1.36432 0.13919 -0.00615748 0.000437276 0.0797247 -0.925998
1.3794 0.138174 -0.00505572 0.000353 0.0667728 -0.794881
1.39447 0.136196 -0.00413488 0.000283934 0.0556825 -0.678858
1.40955 0.133347 -0.0033686 0.000227554 0.0462342 -0.576865
1.42462 0.129715 -0.00273366 0.000181709 0.0382248 -0.487774
1.4397 0.12539 -0.0022098 0.000144575 0.0314684 -0.410432
1.45477 0.120463 -0.00177941 0.000114612 0.0257967 -0.343692
1.46985 0.115021 -0.00142732 9.05308e-05 0.0210582 -0.286436
1.48492 0.109149 -0.00114048 7.12501e-05 0.0171181 -0.237594
1.5 0.102932 -0.000907786 5.58726e-05 0.0138573 -0.196164
