6.44917 5.24228 4.7709 3.77825 8.75466 3.74001 3.92534 9.65909 8.63377 9.43031 
2.19979 4.37392 5.4168 3.5348 7.10571 4.19083 1.18236 7.60873 1.83575 1.4682 
5.07947 7.03326 7.20014 5.68717 9.5118 5.91724 2.80658 6.79647 6.03464 7.2291 
1.3049 7.28482 9.82671 9.3011 2.08881 2.87021 2.1738 6.5631 2.97204 1.46064 
3.21282 9.64199 4.33148 5.91341 6.09811 3.35032 8.57712 1.66122 4.70743 2.88392 
6.84946 2.80801 2.34822 6.71119 4.21645 1.47205 7.90256 6.73886 5.06944 4.24765 
1.8202 8.0628 2.2718 6.36921 7.91326 6.13068 8.60768 7.84813 2.77035 6.70553 
1.69633 2.91575 6.52046 4.24996 7.32692 9.68747 4.90849 6.71968 9.27468 4.47818 
1.53594 4.84216 2.59073 6.16834 7.90658 3.43125 2.48876 4.48026 1.19661 2.82199 
7.96609 4.57315 9.54268 4.57191 2.19127 9.29118 1.7407 8.81218 3.91676 9.51958 
7.52433 4.85642 1.41037 1.6604 6.82474 9.92083 5.44037 2.271 8.77812 6.87668 
2.09169 4.24757 3.30508 3.80004 6.74746 9.70745 9.24919 6.29202 4.07294 2.21185 
9.10073 5.40811 1.75655 2.97213 4.44504 2.18436 3.10282 7.66409 7.42998 9.08807 
7.01193 7.18443 4.78333 3.27522 9.71878 5.33461 5.08834 1.82428 5.14007 9.92569 
8.75427 7.26481 9.63556 4.93597 5.9666 9.60296 4.54587 5.27912 1.47558 9.33364 
2.6013 8.79043 2.17538 5.26908 7.70829 2.72204 5.7304 4.43444 5.10041 5.3965 
2.13075 6.56217 6.05657 4.66914 5.79537 8.42595 5.73024 2.08447 1.4607 2.54054 
3.41492 7.86914 7.30659 7.85809 5.27516 2.13832 5.26117 7.63427 6.69936 2.40413 
1.85275 2.92175 6.06738 5.96489 2.47319 9.30241 1.17022 1.67555 1.38158 4.98334 
4.52937 5.8034 6.10722 9.13284 3.59286 1.8663 1.9407 6.56935 8.27828 7.38629 
