4.24784 6.96124 5.06021 5.74498 6.86346 7.40108 1.92325 7.76386 5.51465 1.74658 
5.64013 2.63925 5.19066 9.45718 6.36787 5.21571 1.76584 9.29914 4.00183 5.74792 
8.55299 3.97702 4.05567 7.83971 5.7735 3.63798 2.50448 6.3603 8.29713 8.12691 
3.76994 3.47157 6.73352 8.15258 9.88826 3.87867 2.38842 9.53621 8.32806 5.28353 
9.05923 9.79232 5.81052 4.56866 2.30539 4.14695 3.50477 1.51327 5.14761 2.56026 
5.39468 3.51144 6.56439 5.84765 7.27838 6.60791 6.68654 6.1271 5.81253 5.96372 
3.8577 1.27781 5.47508 1.48419 9.95795 6.65434 2.43445 1.53461 9.31376 5.82048 
2.25743 2.50181 7.77154 4.44573 1.50113 7.17046 4.41923 2.66821 3.43306 4.24375 
5.91211 7.63618 4.15615 7.49587 4.36223 4.68862 5.29694 8.82853 9.10432 1.10306 
5.07684 2.83003 1.88257 4.26007 2.05954 6.52682 4.28041 2.98389 3.87136 2.74514 
