1 -6.66134e-16 -2.08167e-17 -4.44089e-16 1.11022e-16 0 2.33147e-15 -3.15026e-15 -1.77636e-15 -1.55431e-15 
-2.66454e-15 1 -4.85723e-17 4.996e-16 -1.55431e-15 4.02456e-16 -7.77156e-16 3.60822e-16 3.55271e-15 -1.77636e-15 
-3.9968e-15 0 1 -7.77156e-16 0 8.32667e-17 -6.66134e-16 -2.498e-16 -2.22045e-15 -1.77636e-15 
-2.22045e-15 1.33227e-15 -4.16334e-16 1 -4.44089e-16 -5.13478e-16 -2.22045e-16 -1.27676e-15 -8.88178e-16 -1.77636e-15 
-4.44089e-16 0 -2.08167e-16 3.33067e-16 1 -5.55112e-17 -8.88178e-16 2.498e-16 4.44089e-16 -2.22045e-15 
-1.11022e-15 6.66134e-16 -3.05311e-16 1.11022e-16 -5.55112e-16 1 4.44089e-16 -4.44089e-16 -4.44089e-16 -8.88178e-16 
-1.33227e-15 4.44089e-16 -3.747e-16 -2.22045e-16 -6.66134e-16 8.18789e-16 1 -2.16493e-15 4.44089e-16 -2.66454e-15 
-5.32907e-15 2.22045e-15 -8.04912e-16 -1.11022e-16 -8.88178e-16 1.73472e-16 -1.11022e-15 1 -4.44089e-16 -4.44089e-16 
-8.88178e-16 1.77636e-15 3.05311e-16 -1.22125e-15 1.11022e-15 4.57967e-16 1.77636e-15 -9.99201e-16 1 4.44089e-16 
-2.22045e-15 4.44089e-16 1.38778e-17 4.44089e-16 -1.77636e-15 2.01228e-16 -1.11022e-15 8.04912e-16 2.66454e-15 1 
