-0.446913 0.194095 -0.161318 -0.0945037 0.0520866 0.00724224 0.117777 0.176638 -0.260104 0.392689 
0.33733 -0.161902 0.157924 0.0800816 -0.16205 0.166133 -0.0207129 -0.204368 0.293875 -0.407779 
0.951941 -0.497125 -0.0941521 0.122794 -0.43138 -0.270056 0.178362 -0.310518 0.786007 -0.353612 
0.987294 -0.455445 0.188629 0.17587 -0.327677 -0.00631241 0.0526427 -0.459891 0.662721 -0.702287 
-0.541671 0.298927 -0.0654197 -0.0972619 0.226757 -0.0982823 -0.138849 0.179036 -0.395615 0.540997 
-0.506796 0.261708 0.0876217 -0.203982 0.131511 0.177321 0.0165277 0.135793 -0.322446 0.210287 
-0.240753 0.089738 0.0178644 -0.0182969 0.1714 0.0800462 -0.110165 0.173648 -0.32399 0.136968 
-0.530535 0.328012 -0.0964054 -0.00239553 0.248354 -0.117919 -0.14932 0.321026 -0.485724 0.406574 
-0.475183 0.400543 -0.104872 -0.056318 0.333058 0.00226921 -0.206799 0.132246 -0.391203 0.343211 
0.334283 -0.36268 0.013207 0.0918067 -0.156918 -0.00849268 0.227882 -0.0216842 0.30648 -0.327061 
