0.282892 -0.0629086 -0.0118739 -0.0577102 0.274395 -0.308611 0.0580256 0.243638 0.138191 0.262318 
0.0964936 0.134703 0.160923 -0.123933 0.29013 -0.216621 -0.134779 0.261136 -0.234224 -0.430104 
0.22281 0.125852 0.112468 -0.0974643 0.250232 -0.23042 -0.18915 -0.0709014 0.0180487 -0.0328262 
0.0572395 0.363157 0.374414 0.132074 -0.322264 -0.121525 -0.01146 0.0580053 0.0490485 -0.140877 
0.14093 0.39324 -0.208547 -0.132972 -0.258432 0.00303381 0.275252 -0.254199 0.133199 -0.0815869 
0.300451 -0.233474 -0.0852906 0.601941 0.0568673 -0.0744587 0.476785 -0.172598 -0.215601 -0.114967 
0.0798431 0.379818 -0.263694 0.119054 0.0521975 0.252693 0.0307742 0.374774 -0.266872 0.428592 
0.0744094 0.0762671 0.329967 0.000916856 0.454852 0.131816 0.194112 0.0628248 0.491504 0.123358 
0.0673738 0.202045 -0.0708903 0.300105 0.328313 -0.0527516 -0.350321 -0.114125 -0.335034 -0.197629 
0.349432 -0.192582 0.366082 -0.138043 -0.250845 0.164221 -0.0399703 0.309747 -0.098375 0.137243 
0.330054 -0.149479 -0.274384 -0.0983951 0.0730088 0.426178 -0.205397 -0.10503 0.342308 -0.400729 
0.0917518 0.133434 0.00458814 0.0248868 0.255392 0.382033 0.397463 0.200961 -0.0576859 -0.108773 
0.399203 -0.208924 -0.304389 0.0284809 -0.21067 -0.0554866 -0.172992 0.321399 0.0670708 -0.110401 
0.307578 0.0212661 -0.119405 -0.247589 0.184691 -0.21005 0.0194057 -0.471723 -0.0285965 0.325664 
0.384005 -0.0764069 0.222802 -0.275748 -0.149391 0.0457072 0.0765928 -0.176444 -0.381961 0.0607864 
0.114106 0.377798 -0.322407 -0.0492719 -0.0497706 -0.0225678 -0.149267 0.0855839 0.0712678 0.0947505 
0.093465 0.270918 0.101575 -0.173698 0.00137639 0.224528 0.0839888 -0.179823 -0.102785 -0.128776 
0.149795 0.274282 0.109323 0.0775443 -0.154957 -0.228435 0.189785 0.0835625 0.190602 -0.254209 
0.0812708 0.0674254 0.291432 0.235156 0.0190102 0.427222 -0.338769 -0.236358 -0.0490178 0.148672 
0.19868 0.0839488 0.0995078 0.456837 -0.159675 -0.104639 -0.245093 -0.0734981 0.313486 0.204839 
