23.7439 27.2936 21.7846 20.8827 24.102 23.8528 23.1769 25.324 22.1613 24.6675 
0 15.6316 5.839 6.19011 7.38084 4.70284 7.68151 6.44356 7.66922 7.59319 
0 0 16.9454 1.12128 5.19813 3.13595 4.56799 1.6507 2.29003 6.79046 
0 0 0 10.5334 -0.275413 2.92646 -0.929922 3.81349 -2.67209 -0.834709 
0 0 0 0 11.0577 4.72659 -2.42699 -0.0313194 2.60594 1.56239 
0 0 0 0 0 9.00582 2.86957 5.15192 0.953669 4.19447 
0 0 0 0 0 0 13.6777 0.608723 5.42987 3.62751 
0 0 0 0 0 0 0 11.5682 2.66366 1.05559 
0 0 0 0 0 0 0 0 10.3706 0.732968 
0 0 0 0 0 0 0 0 0 10.348 
