1 0 0 
1 0.10101 0.010203 
1 0.20202 0.0408122 
1 0.30303 0.0918274 
1 0.40404 0.163249 
1 0.505051 0.255076 
1 0.606061 0.367309 
1 0.707071 0.499949 
1 0.808081 0.652995 
1 0.909091 0.826446 
1 1.0101 1.0203 
1 1.11111 1.23457 
1 1.21212 1.46924 
1 1.31313 1.72431 
1 1.41414 1.9998 
1 1.51515 2.29568 
1 1.61616 2.61198 
1 1.71717 2.94868 
1 1.81818 3.30579 
1 1.91919 3.6833 
1 2.0202 4.08122 
1 2.12121 4.49954 
1 2.22222 4.93827 
1 2.32323 5.39741 
1 2.42424 5.87695 
1 2.52525 6.3769 
1 2.62626 6.89726 
1 2.72727 7.43802 
1 2.82828 7.99918 
1 2.92929 8.58076 
1 3.0303 9.18274 
1 3.13131 9.80512 
1 3.23232 10.4479 
1 3.33333 11.1111 
1 3.43434 11.7947 
1 3.53535 12.4987 
1 3.63636 13.2231 
1 3.73737 13.968 
1 3.83838 14.7332 
1 3.93939 15.5188 
1 4.0404 16.3249 
1 4.14141 17.1513 
1 4.24242 17.9982 
1 4.34343 18.8654 
1 4.44444 19.7531 
1 4.54545 20.6612 
1 4.64646 21.5896 
1 4.74747 22.5385 
1 4.84848 23.5078 
1 4.94949 24.4975 
1 5.05051 25.5076 
1 5.15152 26.5381 
1 5.25253 27.589 
1 5.35354 28.6603 
1 5.45455 29.7521 
1 5.55556 30.8642 
1 5.65657 31.9967 
1 5.75758 33.1497 
1 5.85859 34.323 
1 5.9596 35.5168 
1 6.06061 36.7309 
1 6.16162 37.9655 
1 6.26263 39.2205 
1 6.36364 40.4959 
1 6.46465 41.7917 
1 6.56566 43.1078 
1 6.66667 44.4444 
1 6.76768 45.8014 
1 6.86869 47.1789 
1 6.9697 48.5767 
1 7.07071 49.9949 
1 7.17172 51.4335 
1 7.27273 52.8926 
1 7.37374 54.372 
1 7.47475 55.8718 
1 7.57576 57.3921 
1 7.67677 58.9328 
1 7.77778 60.4938 
1 7.87879 62.0753 
1 7.9798 63.6772 
1 8.08081 65.2995 
1 8.18182 66.9421 
1 8.28283 68.6052 
1 8.38384 70.2887 
1 8.48485 71.9927 
1 8.58586 73.717 
1 8.68687 75.4617 
1 8.78788 77.2268 
1 8.88889 79.0123 
1 8.9899 80.8183 
1 9.09091 82.6446 
1 9.19192 84.4914 
1 9.29293 86.3585 
1 9.39394 88.2461 
1 9.49495 90.1541 
1 9.59596 92.0824 
1 9.69697 94.0312 
1 9.79798 96.0004 
1 9.89899 97.99 
1 10 100 
