2.0
2.202020202020202
2.404040404040404
2.606060606060606
2.808080808080808
3.0101010101010104
3.212121212121212
3.4141414141414144
3.616161616161616
3.8181818181818183
4.020202020202021
4.222222222222222
4.424242424242424
4.626262626262626
4.828282828282829
5.03030303030303
5.232323232323232
5.434343434343434
5.636363636363637
5.838383838383838
6.040404040404041
6.242424242424242
6.444444444444445
6.646464646464646
6.848484848484849
7.05050505050505
7.252525252525253
7.454545454545454
7.656565656565657
7.858585858585858
8.06060606060606
8.262626262626263
8.464646464646464
8.666666666666668
8.868686868686869
9.070707070707071
9.272727272727273
9.474747474747474
9.676767676767676
9.878787878787879
10.080808080808081
10.282828282828282
10.484848484848484
10.686868686868687
10.88888888888889
11.09090909090909
11.292929292929292
11.494949494949495
11.696969696969697
11.8989898989899
12.1010101010101
12.303030303030303
12.505050505050505
12.707070707070708
12.909090909090908
13.11111111111111
13.313131313131313
13.515151515151516
13.717171717171716
13.919191919191919
14.121212121212121
14.323232323232324
14.525252525252524
14.727272727272727
14.929292929292929
15.131313131313131
15.333333333333334
15.535353535353535
15.737373737373737
15.93939393939394
16.141414141414142
16.343434343434343
16.545454545454547
16.747474747474747
16.949494949494948
17.15151515151515
17.353535353535353
17.555555555555557
17.757575757575758
17.95959595959596
18.161616161616163
18.363636363636363
18.565656565656564
18.767676767676768
18.96969696969697
19.171717171717173
19.373737373737374
19.575757575757574
19.77777777777778
19.97979797979798
20.18181818181818
20.383838383838384
20.585858585858585
20.78787878787879
20.98989898989899
21.19191919191919
21.393939393939394
21.595959595959595
21.7979797979798
22.0