1.9145269239099774
2.04679424425116
2.2040683934226344
2.301895322786488
2.470622855011613
2.9698708869531214
3.1200291586219
3.0969844244273173
4.296840537367618
4.343174872200573
4.12140695709606
4.23730297902875
4.132343423019846
4.565843872713706
5.135830958665105
5.717247423186192
5.683564572449317
5.263381937600657
4.714692034080956
5.587889008509829
5.853933422875679
6.2839404261784475
7.000987778490913
8.08664844896078
6.738783551855388
7.909783016385531
6.674770517446041
5.850646848238714
7.6785719232083975
8.619295348234703
6.397101095873219
8.39718879976819
9.373090870128845
8.422835318647783
8.388286440597613
8.457385065422615
8.992155965135577
11.054120731584831
10.704699691105219
9.782094392534363
10.47733816674802
11.252111475361897
11.449868488612632
10.600118814479162
10.062267000949431
10.671432267549772
12.382958039078844
10.520082708374256
12.624528154117288
14.094212024865111
11.033558406047622
11.741862074355277
11.344707683637935
13.69074543705894
12.589292186607608
14.120240574634867
14.37377226301717
13.019960623449721
15.059531814927736
10.32583358196337
14.883744154506912
14.26818126014384
12.290056738379539
14.780159036001754
12.834782939124597
18.228151123604423
13.154118851974198
16.235842459174485
17.045782759986448
19.403371217477208
16.319808860182793
17.393850789841977
17.961100189100875
18.821862676927235
16.238370479344795
15.379439302716765
17.295703982925335
18.013140337160845
18.172133030054766
19.004229401638554
19.98727940198635
18.747076389185708
17.925971512640224
18.410400946517886
18.689254667618535
16.782882065549895
21.604058206018962
19.99670566272994
19.762660881665568
16.684412090674275
20.20870571513432
19.181561227070265
20.623738811393817
21.97434947998031
20.206445773557654
20.86025406084829
18.242667251819825
25.18698729957817
15.467964771265068
20.961296170323504