0
0.125
0.270967
0.431472
0.601395
0.77704
0.955898
1.13636
1.31745
1.49866
1.67979
1.86089
2.04212
2.2237
2.40586
2.58881
2.77272
2.95773
3.14392
3.33134
3.51996
3.7097
3.90045
4.09201
4.28419
4.47678
4.6696
4.86253
5.05545
5.24831
5.44107
5.63369
5.82609
6.01817
6.20978
6.40075
6.59088
6.77999
6.96793
7.15462
7.34003
7.52419
7.70722
7.88931
8.07075
8.25184
8.43293
8.61434
8.79634
8.97915
9.16296
9.34787
9.53398
9.7213
9.90979
10.0994
10.2899
10.4811
10.6728
10.8649
11.0572
11.2495
11.4418
11.634
11.8261
12.018
12.2097
12.401
12.5918
12.7819
12.971
13.1591
13.346
13.5316
13.7159
13.899
14.0811
14.2623
14.4429
14.6233
14.8039
14.9848
15.1664
15.3489
15.5325
15.7171
15.903
16.0901
16.2783
16.4675
16.6577
16.8485
17.0397
17.2313
17.423
17.6147
17.8063
17.9979
18.1894
18.3806
18.5716
18.7622
18.9522
19.1414
19.3297
19.5169
19.7028
19.8875
20
