1
0.937578
0.866095
0.790978
0.717521
0.650366
0.593268
0.54905
0.519646
0.506201
0.509179
0.528473
0.563483
0.613173
0.67608
0.750337
0.833687
0.923518
1.01691
1.11071
1.20162
1.28633
1.36163
1.4246
1.47276
1.50417
1.51757
1.51242
1.48888
1.44782
1.39076
1.31982
1.23763
1.14726
1.05212
0.955746
0.861718
0.773435
0.693979
0.625996
0.571608
0.532385
0.509332
0.502926
0.513152
0.53956
0.581294
0.637102
0.705341
0.783975
0.870602
0.962486
1.05662
1.14978
1.23868
1.32004
1.39077
1.44812
1.48982
1.51422
1.52033
1.50789
1.47735
1.42982
1.36707
1.29139
1.2056
1.11288
1.0167
0.920607
0.828126
0.742537
0.666762
0.603254
0.553933
0.520159
0.502746
0.501993
0.517734
0.549382
0.595958
0.65609
0.728017
0.809596
0.898328
0.991398
1.08574
1.17812
1.26524
1.34388
1.41106
1.46415
1.50108
1.52037
1.52125
1.50367
1.46825
1.41629
1.3497
1.2709
1.18282
1.0887
0.992028
0.896363
0.805152
0.721587
0.648466
0.588105
0.558344
